16_Origin  -21.927010   -0.381053   10.247474
16_X  -27.696662   -8.464848   11.415109
16_Y  -13.790952   -6.195018   10.198932
16_Z  -21.208911    0.540935   20.178953
14_Origin  -18.303839   13.492371    8.962212
14_X  -16.202200   23.145416    7.412421
14_Y  -28.079031   15.594604    8.800271
14_Z  -18.134359   15.041357   18.840062
12_Origin   -8.882922   22.824833   10.865278
12_X   -4.437052   31.656190    9.368158
12_Y  -17.835548   27.260165   10.442996
12_Z   -8.591832   24.352889   20.743552
22_Origin   10.725300   22.491967   10.923146
22_X   15.969202   30.908726    9.634867
22_Y    2.236994   27.778603   10.911113
22_Z   11.396238   23.591807   20.839808
24_Origin   19.599039   12.460680    8.058277
24_X   26.886101    5.673773    8.972949
24_Y   26.447021   19.694300    7.175158
24_Z   19.536764   13.730580   17.977121
26_Origin   22.983575    0.543474   11.025000
26_X   17.976505   -7.430714   14.392725
26_Y   31.625069   -3.834848   13.505903
26_Z   22.479755    4.695897   20.108146
