36_Origin  -20.821456    1.996024    9.875588
36_X  -13.467794   -4.589156   11.475295
36_Y  -14.145652    9.441296    9.836111
36_Z  -21.986486    3.092987   19.746726
34_Origin  -16.425901   14.420219    9.854229
34_X  -23.212559    7.090453    9.389676
34_Y   -9.099113    7.619591   10.118145
34_Z  -16.935270   14.258961   19.839946
32_Origin   -8.637291   22.225908   10.532190
32_X  -15.425445   14.890181   10.860914
32_Y   -1.332543   15.525655   11.854032
32_Z   -9.386704   23.363320   20.438989
42_Origin    6.542161   21.260677   10.198980
42_X   -1.195673   27.560624    9.538241
42_Y    0.209474   13.592221   11.243895
42_Z    6.693768   22.487640   20.122264
44_Origin   13.067566   14.070677    8.990718
44_X    8.472668   22.924876    8.290659
44_Y    4.230631    9.434078    8.349984
44_Z   12.175658   14.394904   18.945585
46_Origin   19.613241    2.369450   10.573245
46_X   11.394780   -3.315438   10.200470
46_Y   25.232585   -5.827209   11.685786
46_Z   18.675223    3.074313   20.504171
